1 1 385 404
1 2 61 78
1 2 61 84
1 4 124 149
1 4 125 146
1 7 496 520
1 8 355 377
1 9 243 264
1 9 243 268
1 14 91 114
1 15 272 293
1 16 439 465
1 16 203 233
1 17 181 206
2 1 392 411
2 2 67 83
2 3 13 35
2 3 11 31
2 4 126 148
2 5 154 177
2 7 504 527
2 8 363 383
2 9 247 266
2 9 241 264
2 13 333 354
2 14 97 119
2 15 280 301
2 16 469 493
2 16 216 239
2 17 189 216
2 17 190 219
3 1 345 366
3 2 197 216
3 3 12 33
3 5 489 504
3 5 488 510
3 6 404 425
3 7 255 279
3 8 315 335
3 9 130 156
3 12 67 87
3 13 458 480
3 14 226 246
3 15 514 535
3 16 164 186
3 16 380 397
4 1 342 362
4 2 194 213
4 3 8 29
4 5 485 503
4 7 252 274
4 7 257 277
4 8 314 333
4 9 119 146
4 9 124 148
4 12 63 84
4 13 453 474
4 14 223 243
4 15 510 533
4 15 511 530
4 16 370 391
5 2 441 457
5 2 442 462
5 7 41 65
5 8 272 293
5 8 478 494
5 9 8 31
5 12 384 404
5 15 328 346
5 16 232 257
5 16 236 258
6 1 522 540
6 2 463 485
6 7 69 91
6 7 67 88
6 8 296 316
6 9 34 54
6 12 98 118
6 12 402 427
6 15 372 397
6 16 133 158
6 16 227 251
7 4 293 312
7 7 267 287
7 8 600 623
7 8 631 654
7 9 381 399
7 10 504 524
7 11 595 621
7 12 211 231
7 15 538 559
7 16 148 166
8 1 260 280
8 2 479 495
8 3 148 166
8 7 171 190
8 8 569 594
8 8 575 600
8 9 288 308
8 13 245 267
8 15 448 468
8 15 438 460
8 16 54 77
8 16 100 125
9 1 175 194
9 2 90 113
9 2 89 106
9 3 227 247
9 4 463 484
9 4 466 486
9 7 525 550
9 7 522 548
9 8 587 612
9 9 103 123
9 9 107 126
9 10 337 352
9 11 142 165
9 11 140 161
9 13 255 276
9 15 430 455
9 15 435 465
10 2 10 29
10 3 149 170
10 5 424 437
10 7 440 462
10 8 525 542
10 9 41 60
10 10 263 280
10 10 266 282
10 11 71 93
10 15 356 379
